#
# WTO
#

## Harbour porpoises
N <- 1e5
bm <- 52.73 * N / 1000  # 52.73 taken as average wt from EOL

## Dolphins
# white-sided
N <- 5e4
bm <- 208 * (N / 2) / 1000

# white-beaked
bm <- 186.63 * (N / 2) / 1000

#
# WMW
#

N <- 5e4
bm <- 5587.09 * N / 1000

#
# WHT
#

## Sperm
N <- 7e3
bm <- 14540.96 * N / 1000

## Northern Bottle nose
N <- 2e3
bm <- 3393.36 * (N / 2) / 1000

## Beaked whale
bm <- (3400 + 2300 + 4775) / 3 * (N / 2) / 1000

## pilot whale
N <- 3e4
bm <- 800 * N / 1000

## orca
N <- 5e3
bm <- 5628.76 * N / 1000
