#
# Harbour porpoises
#
N <- 1e5
bm <- 52.73 * N/1000  # 52.73 taken as average wt from EOL

#
# Dolphins
#

# white-sided
N <- 5e4
bm <- (208 *(N/2))/1000

# white-beaked
bm <- (186.63 * (N/2))/1000
